0.000000 0.000000 0.000000 -0.000000 -0.000000 0.000000 5.039567 5.039567 7.153232 7.153232 7.249235 8.950974
0.030000 0.000000 0.000000 0.028907 0.298167 0.465269 5.045525 5.063634 7.100909 7.152625 7.296768 8.936734
0.060000 0.000000 0.000000 0.139503 0.592330 0.923520 5.062977 5.132570 7.014774 7.150583 7.368424 8.894511
0.090000 0.000000 0.000000 0.312392 0.878654 1.367746 5.090713 5.237742 6.921283 7.146523 7.437615 8.825751
0.120000 0.000000 0.000000 0.535991 1.153595 1.790952 5.126899 5.367809 6.824632 7.139722 7.500501 8.732763
0.150000 0.000000 0.000000 0.797512 1.413965 2.186143 5.169313 5.511311 6.728013 7.129588 7.555371 8.618596
0.180000 0.000000 0.000000 1.084992 1.656916 2.546345 5.215597 5.658228 6.635538 7.115904 7.601232 8.486963
0.210000 0.000000 0.000000 1.387917 1.879915 2.864728 5.263481 5.800465 6.552491 7.098950 7.637708 8.342237
0.240000 0.000000 0.000000 1.697222 2.080737 3.135024 5.310956 5.931558 6.484948 7.079491 7.664981 8.189587
0.270000 0.000000 0.000000 2.005014 2.257539 3.352459 5.356359 6.045982 6.438717 7.058652 7.683664 8.035234
0.300000 0.000000 0.000000 2.304175 2.409018 3.515215 5.398393 6.138416 6.417636 7.037711 7.694645 7.886724
0.330000 0.000000 0.000000 2.534626 2.587896 3.625892 5.436080 6.203512 6.421782 7.017902 7.699004 7.752833
0.360000 0.000000 0.000000 2.634762 2.849137 3.691928 5.468695 6.237004 6.446681 7.000255 7.642373 7.698020
0.390000 0.000000 0.000000 2.710819 3.080004 3.724302 5.495687 6.238757 6.484213 6.985508 7.561348 7.693245
0.420000 0.000000 0.000000 2.765002 3.271234 3.735112 5.516625 6.216189 6.524679 6.974107 7.509845 7.686561
0.450000 0.000000 0.000000 2.799895 3.412214 3.735235 5.531171 6.184209 6.558879 6.966263 7.482062 7.680087
0.480000 0.000000 0.000000 2.817850 3.492337 3.732777 5.539081 6.160090 6.579624 6.962038 7.470171 7.675841
0.500000 0.000000 0.000000 2.821199 3.507979 3.732105 5.540594 6.154881 6.583767 6.961234 7.468171 7.674965
0.490000 0.020000 0.000000 2.830430 3.507400 3.727760 5.546539 6.153541 6.579549 6.965600 7.466731 7.673118
0.480000 0.040000 0.000000 2.857227 3.505827 3.715214 5.564095 6.149548 6.567337 6.978170 7.462429 7.667635
0.470000 0.060000 0.000000 2.898883 3.503717 3.696027 5.592454 6.142988 6.548221 6.997616 7.455328 7.658693
0.460000 0.080000 0.000000 2.950789 3.501743 3.673109 5.630347 6.134018 6.523473 7.022310 7.445533 7.646584
0.450000 0.100000 0.000000 3.006160 3.500682 3.651255 5.676132 6.122877 6.494243 7.050683 7.433206 7.631701
0.440000 0.120000 0.000000 3.055723 3.501293 3.637705 5.727868 6.109930 6.461488 7.081366 7.418571 7.614533
0.430000 0.140000 0.000000 3.088671 3.504214 3.641392 5.783340 6.095747 6.426049 7.113188 7.401927 7.595647
0.420000 0.160000 0.000000 3.097143 3.509869 3.668598 5.839932 6.081305 6.388759 7.145133 7.383669 7.575666
0.410000 0.180000 0.000000 3.081543 3.518415 3.717683 5.894071 6.068607 6.350536 7.176306 7.364296 7.555255
0.400000 0.200000 0.000000 3.049049 3.529696 3.780569 5.939352 6.062597 6.312455 7.205900 7.344428 7.535096
0.390000 0.220000 0.000000 3.007978 3.543234 3.848328 5.964451 6.073279 6.275770 7.233179 7.324809 7.515874
0.380000 0.240000 0.000000 2.964992 3.558224 3.913899 5.966739 6.102138 6.241896 7.257458 7.306296 7.498267
0.370000 0.260000 0.000000 2.924974 3.573552 3.972157 5.958719 6.135747 6.212331 7.278083 7.289818 7.482946
0.360000 0.280000 0.000000 2.891476 3.587838 4.019413 5.948775 6.165085 6.188519 7.276301 7.294428 7.470570
0.350000 0.300000 0.000000 2.867049 3.599485 4.053093 5.940386 6.171660 6.186399 7.266560 7.305914 7.461751
0.340000 0.320000 0.000000 2.853392 3.606758 4.071598 5.935304 6.162507 6.198098 7.261174 7.312133 7.456939
0.333333 0.333333 0.000000 2.850750 3.608299 4.075136 5.934275 6.160786 6.200312 7.260143 7.313302 7.456034
0.313333 0.313333 0.000000 2.874165 3.591531 4.044294 5.943698 6.174767 6.182123 7.269045 7.303665 7.463450
0.293333 0.293333 0.000000 2.939294 3.534055 3.958220 5.965529 6.139617 6.209133 7.278026 7.293868 7.483117
0.273333 0.273333 0.000000 3.032125 3.429013 3.829796 5.961178 6.116043 6.249968 7.241468 7.333003 7.511700
0.253333 0.253333 0.000000 3.131716 3.274816 3.672967 5.894005 6.144804 6.284797 7.200327 7.389145 7.545723
0.233333 0.233333 0.000000 3.073837 3.204541 3.508421 5.799752 6.180445 6.306920 7.162254 7.468911 7.580889
0.213333 0.213333 0.000000 2.830783 3.163084 3.406420 5.699770 6.191273 6.318084 7.133710 7.578324 7.612685
0.193333 0.193333 0.000000 2.551674 2.975370 3.379588 5.601298 6.165025 6.328586 7.117289 7.637154 7.717650
0.173333 0.173333 0.000000 2.243470 2.735823 3.315898 5.507406 6.100230 6.352739 7.111598 7.651252 7.880469
0.153333 0.153333 0.000000 1.914050 2.470787 3.177962 5.419443 6.000958 6.401347 7.113357 7.652783 8.056825
0.133333 0.133333 0.000000 1.572403 2.186341 2.958156 5.338045 5.873232 6.476777 7.119345 7.640206 8.236416
0.113333 0.113333 0.000000 1.228999 1.885697 2.660086 5.263758 5.723983 6.573811 7.127131 7.612567 8.409980
0.093333 0.093333 0.000000 0.896345 1.571567 2.292686 5.197436 5.561685 6.683896 7.135049 7.569662 8.569465
0.073333 0.073333 0.000000 0.589611 1.246513 1.866921 5.140415 5.397543 6.798910 7.142012 7.512285 8.707884
0.053333 0.053333 0.000000 0.326939 0.912991 1.394451 5.094452 5.246318 6.912826 7.147403 7.442348 8.819244
0.033333 0.033333 0.000000 0.128601 0.573363 0.887401 5.061459 5.125803 7.021470 7.151009 7.362948 8.898649
0.013333 0.013333 0.000000 0.012384 0.229935 0.358406 5.043111 5.053893 7.118416 7.152883 7.281209 8.942526
